*******************MIL CNN*********************
Size of training dataset 1998
Size of Validation dataset 223
Size of testing dataset 585
No. of Epochs: 200
 Batch size: 1
 Learning_rate : 0.01
 Patch size 512*512
 Step 1998
Epoch	BatchTime	AverageBatchTime	Loss	AverageLoss	Accuracy	AverageAccuracy
[1][0/1998]	1.240337	 1.240337	0.000475682	0.000475682	0.000000000	0.000000000	
[1][1/1998]	0.593738	 0.917037	0.000442101	0.000458892	0.000000000	0.000000000	
[1][2/1998]	0.526504	 0.786860	0.000264573	0.000394119	0.000000000	0.000000000	
[1][3/1998]	0.586663	 0.736811	0.000414022	0.000399094	0.000000000	0.000000000	
[1][4/1998]	0.642975	 0.718043	0.000220480	0.000363372	0.000000000	0.000000000	
[1][5/1998]	0.964617	 0.759139	0.000196988	0.000335641	1.000000000	0.166666667	
[1][6/1998]	0.636133	 0.741567	0.000083499	0.000299621	1.000000000	0.285714286	
[1][7/1998]	1.143976	 0.791868	-0.000000000	0.000262168	0.000000000	0.250000000	
[1][8/1998]	0.775692	 0.790071	0.000049371	0.000238524	0.000000000	0.222222222	
[1][9/1998]	1.166172	 0.827681	0.000204647	0.000235136	0.000000000	0.200000000	
[1][10/1998]	1.231619	 0.864402	-0.000000000	0.000213760	1.000000000	0.272727273	
[1][11/1998]	0.512230	 0.835055	-0.000000000	0.000195947	0.000000000	0.250000000	
[1][12/1998]	0.897784	 0.839880	-0.000000000	0.000180874	0.000000000	0.230769231	
[1][13/1998]	0.842021	 0.840033	-0.000000000	0.000167954	0.000000000	0.214285714	
[1][14/1998]	1.114278	 0.858316	-0.000000000	0.000156758	0.000000000	0.200000000	
[1][15/1998]	0.723667	 0.849900	-0.000000000	0.000146960	0.000000000	0.187500000	
[1][16/1998]	0.838374	 0.849222	-0.000000000	0.000138315	0.000000000	0.176470588	
[1][17/1998]	0.907904	 0.852482	-0.000000000	0.000130631	0.000000000	0.166666667	
[1][18/1998]	0.528283	 0.835419	-0.000000000	0.000123756	0.000000000	0.157894737	
[1][19/1998]	0.963596	 0.841828	-0.000000000	0.000117568	0.000000000	0.150000000	
[1][20/1998]	0.541235	 0.827514	-0.000000000	0.000111970	1.000000000	0.190476190	
[1][21/1998]	1.180931	 0.843579	-0.000000000	0.000106880	1.000000000	0.227272727	
[1][22/1998]	0.584901	 0.832332	-0.000000000	0.000102233	1.000000000	0.260869565	
[1][23/1998]	1.691433	 0.868128	-0.000000000	0.000097973	1.000000000	0.291666667	
[1][24/1998]	1.008570	 0.873745	-0.000000000	0.000094055	1.000000000	0.320000000	
[1][25/1998]	0.939858	 0.876288	-0.000000000	0.000090437	0.000000000	0.307692308	
[1][26/1998]	1.286828	 0.891493	-0.000000000	0.000087088	0.000000000	0.296296296	
[1][27/1998]	0.602917	 0.881187	-0.000000000	0.000083977	0.000000000	0.285714286	
[1][28/1998]	0.808802	 0.878691	-0.000000000	0.000081081	0.000000000	0.275862069	
[1][29/1998]	0.768239	 0.875009	-0.000000000	0.000078379	0.000000000	0.266666667	
[1][30/1998]	0.722947	 0.870104	-0.000000000	0.000075850	0.000000000	0.258064516	
[1][31/1998]	0.854333	 0.869611	-0.000000000	0.000073480	1.000000000	0.281250000	
[1][32/1998]	1.653531	 0.893366	-0.000000000	0.000071253	0.000000000	0.272727273	
[1][33/1998]	0.982980	 0.896002	-0.000000000	0.000069158	0.000000000	0.264705882	
[1][34/1998]	1.328129	 0.908348	-0.000000000	0.000067182	0.000000000	0.257142857	
[1][35/1998]	0.672802	 0.901806	-0.000000000	0.000065316	1.000000000	0.277777778	
[1][36/1998]	0.527531	 0.891690	-0.000000000	0.000063550	1.000000000	0.297297297	
[1][37/1998]	0.850708	 0.890612	-0.000000000	0.000061878	0.000000000	0.289473684	
[1][38/1998]	0.751894	 0.887055	-0.000000000	0.000060291	0.000000000	0.282051282	
[1][39/1998]	0.523833	 0.877974	-0.000000000	0.000058784	1.000000000	0.300000000	
[1][40/1998]	0.953623	 0.879819	-0.000000000	0.000057350	1.000000000	0.317073171	
[1][41/1998]	0.492163	 0.870589	-0.000000000	0.000055985	0.000000000	0.309523810	
[1][42/1998]	0.910305	 0.871513	-0.000000000	0.000054683	0.000000000	0.302325581	
[1][43/1998]	0.966148	 0.873664	-0.000000000	0.000053440	1.000000000	0.318181818	
[1][44/1998]	1.318432	 0.883547	-0.000000000	0.000052253	1.000000000	0.333333333	
[1][45/1998]	1.152890	 0.889403	-0.000000000	0.000051117	1.000000000	0.347826087	
[1][46/1998]	0.422189	 0.879462	-0.000000000	0.000050029	1.000000000	0.361702128	
[1][47/1998]	1.151190	 0.885123	-0.000000000	0.000048987	1.000000000	0.375000000	
[1][48/1998]	0.482295	 0.876902	-0.000000000	0.000047987	0.000000000	0.367346939	
[1][49/1998]	0.479879	 0.868962	-0.000000000	0.000047027	0.000000000	0.360000000	
[1][50/1998]	0.510802	 0.861939	-0.000000000	0.000046105	0.000000000	0.352941176	
[1][51/1998]	0.844332	 0.861600	-0.000000000	0.000045219	0.000000000	0.346153846	
[1][52/1998]	1.459231	 0.872876	-0.000000000	0.000044365	0.000000000	0.339622642	
[1][53/1998]	0.835426	 0.872183	-0.000000000	0.000043544	0.000000000	0.333333333	
[1][54/1998]	1.018740	 0.874847	-0.000000000	0.000042752	1.000000000	0.345454545	
[1][55/1998]	0.979821	 0.876722	-0.000000000	0.000041989	1.000000000	0.357142857	
[1][56/1998]	0.840919	 0.876094	-0.000000000	0.000041252	0.000000000	0.350877193	
[1][57/1998]	0.569218	 0.870803	-0.000000000	0.000040541	1.000000000	0.362068966	
[1][58/1998]	0.836346	 0.870219	-0.000000000	0.000039854	1.000000000	0.372881356	
[1][59/1998]	1.014978	 0.872632	-0.000000000	0.000039189	0.000000000	0.366666667	
[1][60/1998]	0.990119	 0.874558	-0.000000000	0.000038547	1.000000000	0.377049180	
[1][61/1998]	1.229956	 0.880290	-0.000000000	0.000037925	1.000000000	0.387096774	
[1][62/1998]	0.897913	 0.880570	-0.000000000	0.000037323	1.000000000	0.396825397	
[1][63/1998]	0.823004	 0.879670	-0.000000000	0.000036740	0.000000000	0.390625000	
[1][64/1998]	1.242285	 0.885249	-0.000000000	0.000036175	0.000000000	0.384615385	
[1][65/1998]	0.994987	 0.886911	-0.000000000	0.000035627	1.000000000	0.393939394	
[1][66/1998]	0.777168	 0.885274	-0.000000000	0.000035095	0.000000000	0.388059701	
[1][67/1998]	1.005457	 0.887041	-0.000000000	0.000034579	1.000000000	0.397058824	
[1][68/1998]	1.200670	 0.891586	-0.000000000	0.000034078	1.000000000	0.405797101	
[1][69/1998]	0.654209	 0.888195	-0.000000000	0.000033591	0.000000000	0.400000000	
[1][70/1998]	0.600790	 0.884147	-0.000000000	0.000033118	0.000000000	0.394366197	
[1][71/1998]	0.846425	 0.883623	-0.000000000	0.000032658	1.000000000	0.402777778	
[1][72/1998]	1.043572	 0.885814	-0.000000000	0.000032210	0.000000000	0.397260274	
[1][73/1998]	1.161234	 0.889536	-0.000000000	0.000031775	0.000000000	0.391891892	
[1][74/1998]	0.609357	 0.885801	-0.000000000	0.000031352	1.000000000	0.400000000	
[1][75/1998]	0.754710	 0.884076	-0.000000000	0.000030939	1.000000000	0.407894737	
[1][76/1998]	0.675340	 0.881365	-0.000000000	0.000030537	1.000000000	0.415584416	
[1][77/1998]	0.864720	 0.881151	-0.000000000	0.000030146	0.000000000	0.410256410	
[1][78/1998]	0.556615	 0.877043	-0.000000000	0.000029764	1.000000000	0.417721519	
[1][79/1998]	1.505318	 0.884897	-0.000000000	0.000029392	1.000000000	0.425000000	
[1][80/1998]	0.955327	 0.885766	-0.000000000	0.000029029	0.000000000	0.419753086	
[1][81/1998]	0.952075	 0.886575	-0.000000000	0.000028675	0.000000000	0.414634146	
[1][82/1998]	0.929061	 0.887087	-0.000000000	0.000028330	1.000000000	0.421686747	
[1][83/1998]	1.274822	 0.891703	-0.000000000	0.000027992	0.000000000	0.416666667	
[1][84/1998]	0.941272	 0.892286	-0.000000000	0.000027663	0.000000000	0.411764706	
[1][85/1998]	0.401849	 0.886583	-0.000000000	0.000027341	1.000000000	0.418604651	
[1][86/1998]	1.014380	 0.888052	-0.000000000	0.000027027	1.000000000	0.425287356	
[1][87/1998]	0.876470	 0.887920	-0.000000000	0.000026720	1.000000000	0.431818182	
[1][88/1998]	0.866076	 0.887675	-0.000000000	0.000026420	1.000000000	0.438202247	
[1][89/1998]	0.542343	 0.883838	-0.000000000	0.000026126	0.000000000	0.433333333	
[1][90/1998]	0.611647	 0.880847	-0.000000000	0.000025839	0.000000000	0.428571429	
[1][91/1998]	0.915164	 0.881220	-0.000000000	0.000025558	1.000000000	0.434782609	
[1][92/1998]	1.109832	 0.883678	-0.000000000	0.000025283	1.000000000	0.440860215	
[1][93/1998]	0.735700	 0.882104	-0.000000000	0.000025014	0.000000000	0.436170213	
[1][94/1998]	1.017650	 0.883531	-0.000000000	0.000024751	0.000000000	0.431578947	
[1][95/1998]	0.574343	 0.880310	-0.000000000	0.000024493	1.000000000	0.437500000	
[1][96/1998]	1.006126	 0.881607	-0.000000000	0.000024241	1.000000000	0.443298969	
[1][97/1998]	0.922527	 0.882025	-0.000000000	0.000023993	0.000000000	0.438775510	
[1][98/1998]	0.481872	 0.877983	-0.000000000	0.000023751	1.000000000	0.444444444	
[1][99/1998]	0.970122	 0.878904	-0.000000000	0.000023514	1.000000000	0.450000000	
[1][100/1998]	0.963729	 0.879744	-0.000000000	0.000023281	0.000000000	0.445544554	
[1][101/1998]	0.499390	 0.876015	-0.000000000	0.000023053	0.000000000	0.441176471	
[1][102/1998]	2.019525	 0.887117	-0.000000000	0.000022829	0.000000000	0.436893204	
[1][103/1998]	0.992910	 0.888134	-0.000000000	0.000022609	0.000000000	0.432692308	
[1][104/1998]	0.505402	 0.884489	-0.000000000	0.000022394	0.000000000	0.428571429	
[1][105/1998]	0.852476	 0.884187	-0.000000000	0.000022183	1.000000000	0.433962264	
[1][106/1998]	0.770920	 0.883129	-0.000000000	0.000021975	0.000000000	0.429906542	
[1][107/1998]	1.425882	 0.888154	-0.000000000	0.000021772	0.000000000	0.425925926	
[1][108/1998]	0.523251	 0.884806	-0.000000000	0.000021572	1.000000000	0.431192661	
[1][109/1998]	0.735309	 0.883447	-0.000000000	0.000021376	0.000000000	0.427272727	
[1][110/1998]	1.140572	 0.885764	-0.000000000	0.000021183	0.000000000	0.423423423	
[1][111/1998]	0.840455	 0.885359	-0.000000000	0.000020994	1.000000000	0.428571429	
[1][112/1998]	0.867245	 0.885199	-0.000000000	0.000020809	0.000000000	0.424778761	
[1][113/1998]	0.515524	 0.881956	-0.000000000	0.000020626	1.000000000	0.429824561	
[1][114/1998]	1.283202	 0.885445	-0.000000000	0.000020447	0.000000000	0.426086957	
[1][115/1998]	0.930169	 0.885831	-0.000000000	0.000020270	0.000000000	0.422413793	
[1][116/1998]	0.518966	 0.882695	-0.000000000	0.000020097	0.000000000	0.418803419	
[1][117/1998]	0.730031	 0.881401	-0.000000000	0.000019927	0.000000000	0.415254237	
[1][118/1998]	0.574110	 0.878819	-0.000000000	0.000019759	1.000000000	0.420168067	
[1][119/1998]	0.734462	 0.877616	-0.000000000	0.000019595	0.000000000	0.416666667	
[1][120/1998]	0.717240	 0.876291	-0.000000000	0.000019433	0.000000000	0.413223140	
[1][121/1998]	0.541852	 0.873549	-0.000000000	0.000019273	1.000000000	0.418032787	
[1][122/1998]	0.915885	 0.873894	-0.000000000	0.000019117	0.000000000	0.414634146	
[1][123/1998]	0.811897	 0.873394	-0.000000000	0.000018963	0.000000000	0.411290323	
[1][124/1998]	0.996803	 0.874381	-0.000000000	0.000018811	1.000000000	0.416000000	
[1][125/1998]	1.074298	 0.875968	-0.000000000	0.000018662	0.000000000	0.412698413	
[1][126/1998]	0.668213	 0.874332	-0.000000000	0.000018515	0.000000000	0.409448819	
[1][127/1998]	0.505645	 0.871451	-0.000000000	0.000018370	1.000000000	0.414062500	
[1][128/1998]	0.947507	 0.872041	-0.000000000	0.000018228	0.000000000	0.410852713	
[1][129/1998]	1.504855	 0.876909	-0.000000000	0.000018087	1.000000000	0.415384615	
[1][130/1998]	0.890782	 0.877015	-0.000000000	0.000017949	1.000000000	0.419847328	
[1][131/1998]	0.519989	 0.874310	-0.000000000	0.000017813	1.000000000	0.424242424	
[1][132/1998]	0.512041	 0.871586	-0.000000000	0.000017679	0.000000000	0.421052632	
[1][133/1998]	0.717880	 0.870439	-0.000000000	0.000017547	1.000000000	0.425373134	
[1][134/1998]	0.849107	 0.870281	-0.000000000	0.000017418	1.000000000	0.429629630	
[1][135/1998]	0.834420	 0.870017	-0.000000000	0.000017289	0.000000000	0.426470588	
[1][136/1998]	0.623849	 0.868220	-0.000000000	0.000017163	1.000000000	0.430656934	
[1][137/1998]	0.589129	 0.866198	-0.000000000	0.000017039	1.000000000	0.434782609	
[1][138/1998]	0.445470	 0.863171	-0.000000000	0.000016916	0.000000000	0.431654676	
[1][139/1998]	1.462784	 0.867454	-0.000000000	0.000016795	0.000000000	0.428571429	
[1][140/1998]	0.581196	 0.865424	0.000056795	0.000017079	0.000000000	0.425531915	
[1][141/1998]	0.582804	 0.863434	-0.000000000	0.000016959	0.000000000	0.422535211	
[1][142/1998]	0.685447	 0.862189	-0.000000000	0.000016840	1.000000000	0.426573427	
[1][143/1998]	1.314767	 0.865332	-0.000000000	0.000016723	1.000000000	0.430555556	
[1][144/1998]	0.540055	 0.863089	-0.000000000	0.000016608	0.000000000	0.427586207	
[1][145/1998]	0.881488	 0.863215	-0.000000000	0.000016494	0.000000000	0.424657534	
[1][146/1998]	0.597219	 0.861405	-0.000000000	0.000016382	1.000000000	0.428571429	
[1][147/1998]	0.554613	 0.859332	-0.000000000	0.000016271	1.000000000	0.432432432	
[1][148/1998]	0.511640	 0.856999	-0.000000000	0.000016162	1.000000000	0.436241611	
[1][149/1998]	0.535444	 0.854855	-0.000000000	0.000016054	0.000000000	0.433333333	
[1][150/1998]	1.155726	 0.856848	-0.000000000	0.000015948	0.000000000	0.430463576	
[1][151/1998]	1.351392	 0.860101	-0.000000000	0.000015843	0.000000000	0.427631579	
[1][152/1998]	0.942366	 0.860639	-0.000000000	0.000015740	1.000000000	0.431372549	
[1][153/1998]	0.589871	 0.858881	-0.000000000	0.000015637	0.000000000	0.428571429	
[1][154/1998]	0.531303	 0.856767	-0.000000000	0.000015536	0.000000000	0.425806452	
[1][155/1998]	1.072173	 0.858148	-0.000000000	0.000015437	0.000000000	0.423076923	
[1][156/1998]	0.577025	 0.856357	-0.000000000	0.000015339	0.000000000	0.420382166	
[1][157/1998]	0.518780	 0.854221	-0.000000000	0.000015242	0.000000000	0.417721519	
[1][158/1998]	0.767692	 0.853677	-0.000000000	0.000015146	0.000000000	0.415094340	
[1][159/1998]	1.301326	 0.856474	-0.000000000	0.000015051	1.000000000	0.418750000	
[1][160/1998]	0.855654	 0.856469	-0.000000000	0.000014957	0.000000000	0.416149068	
[1][161/1998]	0.939676	 0.856983	-0.000000000	0.000014865	1.000000000	0.419753086	
[1][162/1998]	0.554229	 0.855126	-0.000000000	0.000014774	1.000000000	0.423312883	
[1][163/1998]	0.541741	 0.853215	-0.000000000	0.000014684	0.000000000	0.420731707	
[1][164/1998]	1.107686	 0.854757	-0.000000000	0.000014595	0.000000000	0.418181818	
[1][165/1998]	0.471745	 0.852450	-0.000000000	0.000014507	1.000000000	0.421686747	
[1][166/1998]	0.538372	 0.850569	-0.000000000	0.000014420	0.000000000	0.419161677	
[1][167/1998]	0.804780	 0.850296	-0.000000000	0.000014334	0.000000000	0.416666667	
[1][168/1998]	0.917539	 0.850694	-0.000000000	0.000014249	1.000000000	0.420118343	
[1][169/1998]	0.479027	 0.848508	-0.000000000	0.000014166	0.000000000	0.417647059	
[1][170/1998]	0.874281	 0.848659	-0.000000000	0.000014083	1.000000000	0.421052632	
[1][171/1998]	0.753176	 0.848104	-0.000000000	0.000014001	0.000000000	0.418604651	
[1][172/1998]	0.820805	 0.847946	-0.000000000	0.000013920	1.000000000	0.421965318	
[1][173/1998]	0.514388	 0.846029	-0.000000000	0.000013840	0.000000000	0.419540230	
[1][174/1998]	0.908093	 0.846383	-0.000000000	0.000013761	0.000000000	0.417142857	
[1][175/1998]	0.880785	 0.846579	-0.000000000	0.000013683	0.000000000	0.414772727	
[1][176/1998]	0.964686	 0.847246	-0.000000000	0.000013605	0.000000000	0.412429379	
[1][177/1998]	1.333501	 0.849978	-0.000000000	0.000013529	1.000000000	0.415730337	
[1][178/1998]	0.530077	 0.848191	-0.000000000	0.000013453	0.000000000	0.413407821	
[1][179/1998]	0.938663	 0.848693	-0.000000000	0.000013379	0.000000000	0.411111111	
[1][180/1998]	0.833852	 0.848611	-0.000000000	0.000013305	0.000000000	0.408839779	
[1][181/1998]	0.552054	 0.846982	-0.000000000	0.000013232	0.000000000	0.406593407	
[1][182/1998]	0.729844	 0.846342	-0.000000000	0.000013159	1.000000000	0.409836066	
[1][183/1998]	1.304670	 0.848833	-0.000000000	0.000013088	1.000000000	0.413043478	
[1][184/1998]	0.598640	 0.847480	-0.000000000	0.000013017	0.000000000	0.410810811	
[1][185/1998]	1.354029	 0.850204	-0.000000000	0.000012947	0.000000000	0.408602151	
[1][186/1998]	0.520890	 0.848443	-0.000000000	0.000012878	1.000000000	0.411764706	
[1][187/1998]	0.619356	 0.847224	-0.000000000	0.000012809	1.000000000	0.414893617	
[1][188/1998]	0.561656	 0.845713	-0.000000000	0.000012742	0.000000000	0.412698413	
[1][189/1998]	1.259768	 0.847892	-0.000000000	0.000012675	1.000000000	0.415789474	
[1][190/1998]	1.479059	 0.851197	-0.000000000	0.000012608	1.000000000	0.418848168	
[1][191/1998]	0.537389	 0.849563	-0.000000000	0.000012542	1.000000000	0.421875000	
[1][192/1998]	1.502135	 0.852944	-0.000000000	0.000012477	0.000000000	0.419689119	
[1][193/1998]	1.105151	 0.854244	-0.000000000	0.000012413	1.000000000	0.422680412	
[1][194/1998]	1.067526	 0.855338	-0.000000000	0.000012350	0.000000000	0.420512821	
[1][195/1998]	1.546409	 0.858863	-0.000000000	0.000012287	0.000000000	0.418367347	
[1][196/1998]	0.696506	 0.858039	-0.000000000	0.000012224	0.000000000	0.416243655	
[1][197/1998]	1.230814	 0.859922	-0.000000000	0.000012162	0.000000000	0.414141414	
[1][198/1998]	0.628177	 0.858757	-0.000000000	0.000012101	0.000000000	0.412060302	
[1][199/1998]	1.349813	 0.861213	-0.000000000	0.000012041	0.000000000	0.410000000	
[1][200/1998]	1.006649	 0.861936	-0.000000000	0.000011981	0.000000000	0.407960199	
[1][201/1998]	0.680847	 0.861040	-0.000000000	0.000011922	1.000000000	0.410891089	
[1][202/1998]	0.791549	 0.860697	-0.000000000	0.000011863	0.000000000	0.408866995	
[1][203/1998]	0.985304	 0.861308	-0.000000000	0.000011805	0.000000000	0.406862745	
[1][204/1998]	0.557966	 0.859829	-0.000000000	0.000011747	0.000000000	0.404878049	
[1][205/1998]	0.833853	 0.859702	-0.000000000	0.000011690	0.000000000	0.402912621	
[1][206/1998]	1.007601	 0.860417	-0.000000000	0.000011634	1.000000000	0.405797101	
[1][207/1998]	1.010515	 0.861139	-0.000000000	0.000011578	1.000000000	0.408653846	
[1][208/1998]	0.784242	 0.860771	-0.000000000	0.000011522	1.000000000	0.411483254	
[1][209/1998]	1.414468	 0.863407	-0.000000000	0.000011467	0.000000000	0.409523810	
[1][210/1998]	0.715289	 0.862705	-0.000000000	0.000011413	0.000000000	0.407582938	
[1][211/1998]	0.749092	 0.862169	-0.000000000	0.000011359	1.000000000	0.410377358	
[1][212/1998]	0.549989	 0.860704	-0.000000000	0.000011306	1.000000000	0.413145540	
[1][213/1998]	1.139295	 0.862006	-0.000000000	0.000011253	1.000000000	0.415887850	
[1][214/1998]	0.642468	 0.860985	-0.000000000	0.000011201	1.000000000	0.418604651	
[1][215/1998]	0.576801	 0.859669	-0.000000000	0.000011149	1.000000000	0.421296296	
[1][216/1998]	0.925543	 0.859972	-0.000000000	0.000011097	0.000000000	0.419354839	
[1][217/1998]	0.520154	 0.858414	-0.000000000	0.000011047	0.000000000	0.417431193	
[1][218/1998]	1.163557	 0.859807	-0.000000000	0.000010996	1.000000000	0.420091324	
[1][219/1998]	1.092993	 0.860867	-0.000000000	0.000010946	1.000000000	0.422727273	
[1][220/1998]	1.237113	 0.862569	-0.000000000	0.000010897	0.000000000	0.420814480	
[1][221/1998]	0.804180	 0.862306	-0.000000000	0.000010848	1.000000000	0.423423423	
[1][222/1998]	0.908144	 0.862512	-0.000000000	0.000010799	0.000000000	0.421524664	
[1][223/1998]	1.384907	 0.864844	-0.000000000	0.000010751	0.000000000	0.419642857	
[1][224/1998]	1.127900	 0.866013	-0.000000000	0.000010703	0.000000000	0.417777778	
[1][225/1998]	0.806590	 0.865750	0.000190269	0.000011497	0.000000000	0.415929204	
[1][226/1998]	0.804261	 0.865479	-0.000000000	0.000011447	0.000000000	0.414096916	
[1][227/1998]	1.440652	 0.868002	-0.000000000	0.000011397	1.000000000	0.416666667	
[1][228/1998]	0.913758	 0.868202	-0.000000000	0.000011347	0.000000000	0.414847162	
[1][229/1998]	0.802402	 0.867916	-0.000000000	0.000011298	0.000000000	0.413043478	
[1][230/1998]	0.485342	 0.866260	-0.000000000	0.000011249	0.000000000	0.411255411	
[1][231/1998]	0.675807	 0.865439	-0.000000000	0.000011200	0.000000000	0.409482759	
[1][232/1998]	0.429090	 0.863566	-0.000000000	0.000011152	0.000000000	0.407725322	
[1][233/1998]	1.370347	 0.865732	-0.000000000	0.000011104	1.000000000	0.410256410	
[1][234/1998]	0.739982	 0.865197	-0.000000000	0.000011057	0.000000000	0.408510638	
[1][235/1998]	0.557248	 0.863892	-0.000000000	0.000011010	1.000000000	0.411016949	
[1][236/1998]	1.634273	 0.867142	-0.000000000	0.000010964	1.000000000	0.413502110	
[1][237/1998]	0.503692	 0.865615	-0.000000000	0.000010918	0.000000000	0.411764706	
[1][238/1998]	0.486330	 0.864028	-0.000000000	0.000010872	1.000000000	0.414225941	
[1][239/1998]	1.149193	 0.865216	-0.000000000	0.000010827	0.000000000	0.412500000	
[1][240/1998]	0.597068	 0.864104	-0.000000000	0.000010782	1.000000000	0.414937759	
[1][241/1998]	0.847883	 0.864037	-0.000000000	0.000010737	0.000000000	0.413223140	
[1][242/1998]	0.869030	 0.864057	-0.000000000	0.000010693	0.000000000	0.411522634	
[1][243/1998]	1.924352	 0.868403	-0.000000000	0.000010649	1.000000000	0.413934426	
[1][244/1998]	0.438781	 0.866649	-0.000000000	0.000010606	0.000000000	0.412244898	
[1][245/1998]	1.720426	 0.870120	-0.000000000	0.000010563	0.000000000	0.410569106	
[1][246/1998]	0.940233	 0.870404	-0.000000000	0.000010520	0.000000000	0.408906883	
[1][247/1998]	0.604728	 0.869332	-0.000000000	0.000010478	0.000000000	0.407258065	
[1][248/1998]	0.745901	 0.868837	-0.000000000	0.000010435	1.000000000	0.409638554	
[1][249/1998]	0.521991	 0.867449	-0.000000000	0.000010394	1.000000000	0.412000000	
[1][250/1998]	0.556611	 0.866211	-0.000000000	0.000010352	1.000000000	0.414342629	
[1][251/1998]	0.874408	 0.866243	-0.000000000	0.000010311	1.000000000	0.416666667	
[1][252/1998]	0.613846	 0.865246	-0.000000000	0.000010270	0.000000000	0.415019763	
[1][253/1998]	0.555715	 0.864027	-0.000000000	0.000010230	0.000000000	0.413385827	
[1][254/1998]	0.586701	 0.862940	-0.000000000	0.000010190	1.000000000	0.415686275	
[1][255/1998]	0.965438	 0.863340	-0.000000000	0.000010150	1.000000000	0.417968750	
[1][256/1998]	0.543119	 0.862094	-0.000000000	0.000010111	0.000000000	0.416342412	
[1][257/1998]	0.761538	 0.861704	-0.000000000	0.000010071	1.000000000	0.418604651	
[1][258/1998]	0.545983	 0.860485	-0.000000000	0.000010033	0.000000000	0.416988417	
[1][259/1998]	0.863419	 0.860497	-0.000000000	0.000009994	0.000000000	0.415384615	
[1][260/1998]	1.039864	 0.861184	-0.000000000	0.000009956	0.000000000	0.413793103	
[1][261/1998]	1.009874	 0.861751	-0.000000000	0.000009918	1.000000000	0.416030534	
[1][262/1998]	1.233807	 0.863166	-0.000000000	0.000009880	1.000000000	0.418250951	
[1][263/1998]	1.714288	 0.866390	-0.000000000	0.000009843	1.000000000	0.420454545	
[1][264/1998]	0.813633	 0.866191	-0.000000000	0.000009805	0.000000000	0.418867925	
[1][265/1998]	0.526434	 0.864914	-0.000000000	0.000009769	1.000000000	0.421052632	
[1][266/1998]	0.774945	 0.864577	-0.000000000	0.000009732	1.000000000	0.423220974	
[1][267/1998]	0.546608	 0.863390	-0.000000000	0.000009696	1.000000000	0.425373134	
[1][268/1998]	1.313968	 0.865065	-0.000000000	0.000009660	1.000000000	0.427509294	
[1][269/1998]	0.866142	 0.865069	-0.000000000	0.000009624	0.000000000	0.425925926	
[1][270/1998]	1.039377	 0.865712	-0.000000000	0.000009588	1.000000000	0.428044280	
[1][271/1998]	0.945006	 0.866004	-0.000000000	0.000009553	1.000000000	0.430147059	
[1][272/1998]	0.634897	 0.865157	-0.000000000	0.000009518	0.000000000	0.428571429	
[1][273/1998]	0.914419	 0.865337	-0.000000000	0.000009483	1.000000000	0.430656934	
[1][274/1998]	0.460035	 0.863863	-0.000000000	0.000009449	1.000000000	0.432727273	
[1][275/1998]	0.832471	 0.863750	-0.000000000	0.000009415	0.000000000	0.431159420	
[1][276/1998]	0.890964	 0.863848	-0.000000000	0.000009381	0.000000000	0.429602888	
[1][277/1998]	0.592542	 0.862872	-0.000000000	0.000009347	1.000000000	0.431654676	
[1][278/1998]	0.991545	 0.863333	-0.000000000	0.000009313	1.000000000	0.433691756	
[1][279/1998]	0.764057	 0.862978	-0.000000000	0.000009280	0.000000000	0.432142857	
[1][280/1998]	0.921614	 0.863187	-0.000000000	0.000009247	1.000000000	0.434163701	
[1][281/1998]	0.546095	 0.862063	-0.000000000	0.000009214	1.000000000	0.436170213	
[1][282/1998]	1.357434	 0.863813	-0.000000000	0.000009182	1.000000000	0.438162544	
[1][283/1998]	0.537503	 0.862664	-0.000000000	0.000009149	0.000000000	0.436619718	
[1][284/1998]	0.962030	 0.863013	-0.000000000	0.000009117	1.000000000	0.438596491	
[1][285/1998]	0.524324	 0.861829	-0.000000000	0.000009085	1.000000000	0.440559441	
[1][286/1998]	1.014532	 0.862361	-0.000000000	0.000009054	0.000000000	0.439024390	
[1][287/1998]	0.524755	 0.861188	-0.000000000	0.000009022	1.000000000	0.440972222	
[1][288/1998]	0.675413	 0.860546	-0.000000000	0.000008991	1.000000000	0.442906574	
[1][289/1998]	0.900186	 0.860682	-0.000000000	0.000008960	1.000000000	0.444827586	
[1][290/1998]	0.894978	 0.860800	-0.000000000	0.000008929	1.000000000	0.446735395	
[1][291/1998]	0.804960	 0.860609	-0.000000000	0.000008899	1.000000000	0.448630137	
[1][292/1998]	0.500425	 0.859380	-0.000000000	0.000008868	0.000000000	0.447098976	
[1][293/1998]	0.657325	 0.858692	-0.000000000	0.000008838	1.000000000	0.448979592	
[1][294/1998]	0.836492	 0.858617	-0.000000000	0.000008808	0.000000000	0.447457627	
[1][295/1998]	1.303206	 0.860119	-0.000000000	0.000008778	1.000000000	0.449324324	
[1][296/1998]	0.937654	 0.860380	-0.000000000	0.000008749	1.000000000	0.451178451	
[1][297/1998]	0.902507	 0.860522	-0.000000000	0.000008720	1.000000000	0.453020134	
[1][298/1998]	1.565984	 0.862881	-0.000000000	0.000008690	0.000000000	0.451505017	
[1][299/1998]	0.867899	 0.862898	-0.000000000	0.000008661	1.000000000	0.453333333	
[1][300/1998]	0.542389	 0.861833	-0.000000000	0.000008633	0.000000000	0.451827243	
[1][301/1998]	1.608340	 0.864305	-0.000000000	0.000008604	1.000000000	0.453642384	
[1][302/1998]	1.354704	 0.865923	-0.000000000	0.000008576	0.000000000	0.452145215	
[1][303/1998]	0.587685	 0.865008	-0.000000000	0.000008547	1.000000000	0.453947368	
[1][304/1998]	0.576514	 0.864062	-0.000000000	0.000008519	0.000000000	0.452459016	
[1][305/1998]	1.587784	 0.866427	-0.000000000	0.000008492	1.000000000	0.454248366	
[1][306/1998]	0.998995	 0.866859	-0.000000000	0.000008464	1.000000000	0.456026059	
[1][307/1998]	1.064091	 0.867499	-0.000000000	0.000008436	0.000000000	0.454545455	
[1][308/1998]	0.874431	 0.867522	-0.000000000	0.000008409	0.000000000	0.453074434	
[1][309/1998]	0.929364	 0.867721	-0.000000000	0.000008382	1.000000000	0.454838710	
[1][310/1998]	0.527783	 0.866628	-0.000000000	0.000008355	1.000000000	0.456591640	
[1][311/1998]	0.497635	 0.865446	-0.000000000	0.000008328	1.000000000	0.458333333	
[1][312/1998]	0.560985	 0.864473	-0.000000000	0.000008302	0.000000000	0.456869010	
[1][313/1998]	0.966504	 0.864798	-0.000000000	0.000008275	0.000000000	0.455414013	
[1][314/1998]	0.905923	 0.864928	-0.000000000	0.000008249	0.000000000	0.453968254	
[1][315/1998]	0.535717	 0.863887	-0.000000000	0.000008223	0.000000000	0.452531646	
[1][316/1998]	0.855854	 0.863861	-0.000000000	0.000008197	1.000000000	0.454258675	
[1][317/1998]	0.867784	 0.863874	-0.000000000	0.000008171	1.000000000	0.455974843	
[1][318/1998]	0.613709	 0.863089	-0.000000000	0.000008146	0.000000000	0.454545455	
[1][319/1998]	0.604537	 0.862281	-0.000000000	0.000008120	0.000000000	0.453125000	
[1][320/1998]	0.948527	 0.862550	0.000000071	0.000008095	0.000000000	0.451713396	
[1][321/1998]	0.522905	 0.861495	-0.000000000	0.000008070	0.000000000	0.450310559	
[1][322/1998]	0.407484	 0.860090	-0.000000000	0.000008045	1.000000000	0.452012384	
[1][323/1998]	0.491998	 0.858953	-0.000000000	0.000008020	0.000000000	0.450617284	
[1][324/1998]	0.958798	 0.859261	-0.000000000	0.000007995	1.000000000	0.452307692	
[1][325/1998]	0.476556	 0.858087	-0.000000000	0.000007971	1.000000000	0.453987730	
[1][326/1998]	0.489448	 0.856959	-0.000000000	0.000007946	1.000000000	0.455657492	
[1][327/1998]	0.887993	 0.857054	-0.000000000	0.000007922	0.000000000	0.454268293	
[1][328/1998]	0.943907	 0.857318	-0.000000000	0.000007898	0.000000000	0.452887538	
[1][329/1998]	1.434819	 0.859068	-0.000000000	0.000007874	0.000000000	0.451515152	
[1][330/1998]	0.976844	 0.859424	-0.000000000	0.000007850	0.000000000	0.450151057	
[1][331/1998]	1.265468	 0.860647	-0.000000000	0.000007827	0.000000000	0.448795181	
[1][332/1998]	0.781325	 0.860409	-0.000000000	0.000007803	0.000000000	0.447447447	
[1][333/1998]	1.431595	 0.862119	-0.000000000	0.000007780	1.000000000	0.449101796	
[1][334/1998]	0.620379	 0.861397	-0.000000000	0.000007757	0.000000000	0.447761194	
[1][335/1998]	0.947719	 0.861654	-0.000000000	0.000007734	0.000000000	0.446428571	
[1][336/1998]	0.997289	 0.862057	-0.000000000	0.000007711	1.000000000	0.448071217	
[1][337/1998]	0.886109	 0.862128	-0.000000000	0.000007688	0.000000000	0.446745562	
[1][338/1998]	0.864685	 0.862135	-0.000000000	0.000007665	0.000000000	0.445427729	
[1][339/1998]	0.963625	 0.862434	-0.000000000	0.000007643	0.000000000	0.444117647	
[1][340/1998]	1.697490	 0.864883	-0.000000000	0.000007620	0.000000000	0.442815249	
[1][341/1998]	1.027102	 0.865357	-0.000000000	0.000007598	1.000000000	0.444444444	
[1][342/1998]	0.940789	 0.865577	-0.000000000	0.000007576	1.000000000	0.446064140	
[1][343/1998]	0.932015	 0.865770	-0.000000000	0.000007554	0.000000000	0.444767442	
[1][344/1998]	0.846332	 0.865714	-0.000000000	0.000007532	1.000000000	0.446376812	
[1][345/1998]	0.540055	 0.864772	-0.000000000	0.000007510	1.000000000	0.447976879	
[1][346/1998]	1.101628	 0.865455	-0.000000000	0.000007488	0.000000000	0.446685879	
[1][347/1998]	0.821141	 0.865328	-0.000000000	0.000007467	0.000000000	0.445402299	
[1][348/1998]	0.472734	 0.864203	-0.000000000	0.000007446	1.000000000	0.446991404	
[1][349/1998]	0.449056	 0.863017	-0.000000000	0.000007424	0.000000000	0.445714286	
[1][350/1998]	0.797106	 0.862829	-0.000000000	0.000007403	0.000000000	0.444444444	
[1][351/1998]	0.758392	 0.862532	-0.000000000	0.000007382	0.000000000	0.443181818	
[1][352/1998]	0.630433	 0.861875	-0.000000000	0.000007361	1.000000000	0.444759207	
[1][353/1998]	1.108788	 0.862572	-0.000000000	0.000007340	0.000000000	0.443502825	
[1][354/1998]	0.735991	 0.862216	-0.000000000	0.000007320	0.000000000	0.442253521	
[1][355/1998]	1.363138	 0.863623	-0.000000000	0.000007299	0.000000000	0.441011236	
[1][356/1998]	0.852652	 0.863592	-0.000000000	0.000007279	1.000000000	0.442577031	
[1][357/1998]	0.575094	 0.862786	-0.000000000	0.000007258	1.000000000	0.444134078	
[1][358/1998]	0.574810	 0.861984	-0.000000000	0.000007238	0.000000000	0.442896936	
[1][359/1998]	1.541011	 0.863870	-0.000000000	0.000007218	0.000000000	0.441666667	
[1][360/1998]	1.889863	 0.866712	-0.000000000	0.000007198	0.000000000	0.440443213	
[1][361/1998]	1.645580	 0.868864	-0.000000000	0.000007178	0.000000000	0.439226519	
[1][362/1998]	0.958142	 0.869110	-0.000000000	0.000007158	1.000000000	0.440771350	
[1][363/1998]	0.901859	 0.869200	-0.000000000	0.000007139	0.000000000	0.439560440	
[1][364/1998]	0.545689	 0.868313	-0.000000000	0.000007119	1.000000000	0.441095890	
[1][365/1998]	0.571627	 0.867503	-0.000000000	0.000007100	1.000000000	0.442622951	
[1][366/1998]	0.467026	 0.866412	-0.000000000	0.000007080	0.000000000	0.441416894	
[1][367/1998]	0.539311	 0.865523	-0.000000000	0.000007061	1.000000000	0.442934783	
[1][368/1998]	0.863703	 0.865518	-0.000000000	0.000007042	0.000000000	0.441734417	
[1][369/1998]	0.879053	 0.865554	-0.000000000	0.000007023	0.000000000	0.440540541	
[1][370/1998]	1.143671	 0.866304	0.000024620	0.000007070	0.000000000	0.439353100	
[1][371/1998]	0.408164	 0.865072	-0.000000000	0.000007051	0.000000000	0.438172043	
[1][372/1998]	0.957333	 0.865320	-0.000000000	0.000007032	1.000000000	0.439678284	
[1][373/1998]	0.898254	 0.865408	-0.000000000	0.000007014	1.000000000	0.441176471	
[1][374/1998]	0.645339	 0.864821	-0.000000000	0.000006995	0.000000000	0.440000000	
[1][375/1998]	1.412747	 0.866278	-0.000000000	0.000006976	1.000000000	0.441489362	
[1][376/1998]	1.626494	 0.868295	-0.000000000	0.000006958	1.000000000	0.442970822	
[1][377/1998]	1.075320	 0.868842	-0.000000000	0.000006939	0.000000000	0.441798942	
[1][378/1998]	0.518652	 0.867918	-0.000000000	0.000006921	0.000000000	0.440633245	
[1][379/1998]	0.310894	 0.866453	-0.000000000	0.000006903	1.000000000	0.442105263	
[1][380/1998]	0.847085	 0.866402	-0.000000000	0.000006885	0.000000000	0.440944882	
[1][381/1998]	0.747630	 0.866091	-0.000000000	0.000006867	0.000000000	0.439790576	
[1][382/1998]	0.983486	 0.866397	-0.000000000	0.000006849	1.000000000	0.441253264	
[1][383/1998]	0.633348	 0.865790	-0.000000000	0.000006831	0.000000000	0.440104167	
[1][384/1998]	0.782814	 0.865575	-0.000000000	0.000006813	1.000000000	0.441558442	
[1][385/1998]	1.462270	 0.867121	-0.000000000	0.000006796	1.000000000	0.443005181	
[1][386/1998]	0.530040	 0.866250	-0.000000000	0.000006778	0.000000000	0.441860465	
[1][387/1998]	0.986039	 0.866558	-0.000000000	0.000006761	1.000000000	0.443298969	
[1][388/1998]	1.229477	 0.867491	-0.000000000	0.000006743	0.000000000	0.442159383	
[1][389/1998]	0.435403	 0.866383	-0.000000000	0.000006726	0.000000000	0.441025641	
[1][390/1998]	0.667957	 0.865876	-0.000000000	0.000006709	1.000000000	0.442455243	
[1][391/1998]	1.275673	 0.866921	-0.000000000	0.000006692	1.000000000	0.443877551	
[1][392/1998]	0.897279	 0.866999	-0.000000000	0.000006675	1.000000000	0.445292621	
[1][393/1998]	0.533531	 0.866152	0.000062436	0.000006816	0.000000000	0.444162437	
[1][394/1998]	0.763399	 0.865892	-0.000000000	0.000006799	0.000000000	0.443037975	
[1][395/1998]	0.583138	 0.865178	-0.000000000	0.000006782	0.000000000	0.441919192	
[1][396/1998]	1.627731	 0.867099	-0.000000000	0.000006765	1.000000000	0.443324937	
[1][397/1998]	1.055590	 0.867573	-0.000000000	0.000006748	1.000000000	0.444723618	
[1][398/1998]	0.695343	 0.867141	-0.000000000	0.000006731	1.000000000	0.446115288	
[1][399/1998]	1.435575	 0.868562	-0.000000000	0.000006714	0.000000000	0.445000000	
[1][400/1998]	0.534166	 0.867728	-0.000000000	0.000006697	1.000000000	0.446384040	
[1][401/1998]	1.489904	 0.869276	-0.000000000	0.000006680	1.000000000	0.447761194	
[1][402/1998]	1.008006	 0.869620	-0.000000000	0.000006664	1.000000000	0.449131514	
[1][403/1998]	0.623686	 0.869011	-0.000000000	0.000006647	1.000000000	0.450495050	
[1][404/1998]	0.424829	 0.867914	-0.000000000	0.000006631	1.000000000	0.451851852	
[1][405/1998]	0.584401	 0.867216	-0.000000000	0.000006615	0.000000000	0.450738916	
[1][406/1998]	1.029835	 0.867616	-0.000000000	0.000006598	1.000000000	0.452088452	
[1][407/1998]	0.603693	 0.866969	-0.000000000	0.000006582	0.000000000	0.450980392	
[1][408/1998]	0.482831	 0.866030	-0.000000000	0.000006566	1.000000000	0.452322738	
[1][409/1998]	0.869887	 0.866039	-0.000000000	0.000006550	0.000000000	0.451219512	
[1][410/1998]	0.507328	 0.865166	-0.000000000	0.000006534	0.000000000	0.450121655	
[1][411/1998]	0.524747	 0.864340	-0.000000000	0.000006518	1.000000000	0.451456311	
[1][412/1998]	0.869509	 0.864353	-0.000000000	0.000006503	1.000000000	0.452784504	
[1][413/1998]	0.515796	 0.863511	-0.000000000	0.000006487	1.000000000	0.454106280	
[1][414/1998]	0.970264	 0.863768	-0.000000000	0.000006471	0.000000000	0.453012048	
[1][415/1998]	0.891046	 0.863833	-0.000000000	0.000006456	1.000000000	0.454326923	
[1][416/1998]	0.783897	 0.863642	-0.000000000	0.000006440	1.000000000	0.455635492	
[1][417/1998]	1.542108	 0.865265	-0.000000000	0.000006425	1.000000000	0.456937799	
[1][418/1998]	1.189179	 0.866038	-0.000000000	0.000006409	1.000000000	0.458233890	
[1][419/1998]	0.548975	 0.865283	-0.000000000	0.000006394	0.000000000	0.457142857	
[1][420/1998]	1.017716	 0.865645	-0.000000000	0.000006379	1.000000000	0.458432304	
[1][421/1998]	0.499166	 0.864777	-0.000000000	0.000006364	1.000000000	0.459715640	
[1][422/1998]	0.507067	 0.863931	-0.000000000	0.000006349	1.000000000	0.460992908	
[1][423/1998]	0.762556	 0.863692	-0.000000000	0.000006334	1.000000000	0.462264151	
[1][424/1998]	0.929895	 0.863848	-0.000000000	0.000006319	0.000000000	0.461176471	
[1][425/1998]	0.526812	 0.863057	-0.000000000	0.000006304	1.000000000	0.462441315	
[1][426/1998]	0.776261	 0.862853	-0.000000000	0.000006289	1.000000000	0.463700234	
[1][427/1998]	0.934826	 0.863021	-0.000000000	0.000006275	1.000000000	0.464953271	
[1][428/1998]	0.691380	 0.862621	-0.000000000	0.000006260	0.000000000	0.463869464	
[1][429/1998]	0.937337	 0.862795	-0.000000000	0.000006245	1.000000000	0.465116279	
[1][430/1998]	1.048477	 0.863226	-0.000000000	0.000006231	1.000000000	0.466357309	
[1][431/1998]	1.109558	 0.863796	-0.000000000	0.000006217	1.000000000	0.467592593	
[1][432/1998]	1.514862	 0.865300	-0.000000000	0.000006202	0.000000000	0.466512702	
[1][433/1998]	0.898755	 0.865377	-0.000000000	0.000006188	1.000000000	0.467741935	
[1][434/1998]	0.523695	 0.864591	-0.000000000	0.000006174	0.000000000	0.466666667	
[1][435/1998]	0.927128	 0.864735	-0.000000000	0.000006160	1.000000000	0.467889908	
[1][436/1998]	1.651179	 0.866534	-0.000000000	0.000006145	1.000000000	0.469107551	
[1][437/1998]	0.728668	 0.866220	-0.000000000	0.000006131	1.000000000	0.470319635	
[1][438/1998]	0.525442	 0.865443	-0.000000000	0.000006117	0.000000000	0.469248292	
[1][439/1998]	0.532590	 0.864687	-0.000000000	0.000006104	0.000000000	0.468181818	
[1][440/1998]	0.885876	 0.864735	-0.000000000	0.000006090	0.000000000	0.467120181	
[1][441/1998]	0.870174	 0.864747	-0.000000000	0.000006076	1.000000000	0.468325792	
[1][442/1998]	0.832363	 0.864674	-0.000000000	0.000006062	0.000000000	0.467268623	
[1][443/1998]	0.906397	 0.864768	-0.000000000	0.000006049	1.000000000	0.468468468	
[1][444/1998]	0.999051	 0.865070	-0.000000000	0.000006035	0.000000000	0.467415730	
[1][445/1998]	1.403862	 0.866278	-0.000000000	0.000006021	1.000000000	0.468609865	
[1][446/1998]	0.512034	 0.865485	-0.000000000	0.000006008	1.000000000	0.469798658	
[1][447/1998]	1.097147	 0.866003	-0.000000000	0.000005995	1.000000000	0.470982143	
[1][448/1998]	0.480729	 0.865144	-0.000000000	0.000005981	1.000000000	0.472160356	
[1][449/1998]	0.817061	 0.865038	-0.000000000	0.000005968	0.000000000	0.471111111	
[1][450/1998]	0.829091	 0.864958	-0.000000000	0.000005955	1.000000000	0.472283814	
[1][451/1998]	0.444831	 0.864028	-0.000000000	0.000005941	0.000000000	0.471238938	
[1][452/1998]	0.916990	 0.864145	-0.000000000	0.000005928	0.000000000	0.470198675	
[1][453/1998]	0.527279	 0.863403	-0.000000000	0.000005915	0.000000000	0.469162996	
[1][454/1998]	0.564293	 0.862746	-0.000000000	0.000005902	1.000000000	0.470329670	
[1][455/1998]	0.478654	 0.861904	-0.000000000	0.000005889	0.000000000	0.469298246	
[1][456/1998]	1.047266	 0.862309	-0.000000000	0.000005876	1.000000000	0.470459519	
[1][457/1998]	1.131027	 0.862896	-0.000000000	0.000005864	1.000000000	0.471615721	
[1][458/1998]	0.674277	 0.862485	-0.000000000	0.000005851	1.000000000	0.472766885	
[1][459/1998]	0.576505	 0.861863	-0.000000000	0.000005838	0.000000000	0.471739130	
[1][460/1998]	0.801176	 0.861732	-0.000000000	0.000005825	0.000000000	0.470715835	
[1][461/1998]	0.975194	 0.861977	-0.000000000	0.000005813	0.000000000	0.469696970	
[1][462/1998]	0.531335	 0.861263	-0.000000000	0.000005800	1.000000000	0.470842333	
[1][463/1998]	1.573374	 0.862798	-0.000000000	0.000005788	0.000000000	0.469827586	
[1][464/1998]	0.704181	 0.862457	-0.000000000	0.000005775	1.000000000	0.470967742	
[1][465/1998]	0.546027	 0.861778	-0.000000000	0.000005763	0.000000000	0.469957082	
[1][466/1998]	1.214937	 0.862534	-0.000000000	0.000005751	1.000000000	0.471092077	
[1][467/1998]	0.793079	 0.862386	-0.000000000	0.000005738	1.000000000	0.472222222	
[1][468/1998]	0.517334	 0.861650	-0.000000000	0.000005726	1.000000000	0.473347548	
[1][469/1998]	0.560249	 0.861009	-0.000000000	0.000005714	0.000000000	0.472340426	
[1][470/1998]	1.078034	 0.861469	-0.000000000	0.000005702	1.000000000	0.473460722	
[1][471/1998]	1.248403	 0.862289	-0.000000000	0.000005690	1.000000000	0.474576271	
[1][472/1998]	0.693960	 0.861933	-0.000000000	0.000005678	1.000000000	0.475687104	
[1][473/1998]	1.122272	 0.862482	-0.000000000	0.000005666	0.000000000	0.474683544	
[1][474/1998]	0.573208	 0.861873	-0.000000000	0.000005654	0.000000000	0.473684211	
[1][475/1998]	0.448194	 0.861004	-0.000000000	0.000005642	0.000000000	0.472689076	
[1][476/1998]	1.147957	 0.861606	-0.000000000	0.000005630	0.000000000	0.471698113	
[1][477/1998]	0.564674	 0.860985	-0.000000000	0.000005618	0.000000000	0.470711297	
[1][478/1998]	0.838170	 0.860937	-0.000000000	0.000005607	0.000000000	0.469728601	
[1][479/1998]	1.387316	 0.862034	-0.000000000	0.000005595	1.000000000	0.470833333	
[1][480/1998]	0.545739	 0.861376	-0.000000000	0.000005583	0.000000000	0.469854470	
[1][481/1998]	1.331329	 0.862351	-0.000000000	0.000005572	0.000000000	0.468879668	
[1][482/1998]	1.021918	 0.862682	-0.000000000	0.000005560	0.000000000	0.467908903	
[1][483/1998]	1.035159	 0.863038	-0.000000000	0.000005549	0.000000000	0.466942149	
[1][484/1998]	0.819344	 0.862948	-0.000000000	0.000005537	0.000000000	0.465979381	
[1][485/1998]	0.927461	 0.863081	-0.000000000	0.000005526	0.000000000	0.465020576	
[1][486/1998]	0.922959	 0.863204	-0.000000000	0.000005514	0.000000000	0.464065708	
[1][487/1998]	1.288921	 0.864076	-0.000000000	0.000005503	1.000000000	0.465163934	
[1][488/1998]	1.395114	 0.865162	-0.000000000	0.000005492	0.000000000	0.464212679	
[1][489/1998]	0.637274	 0.864697	-0.000000000	0.000005481	0.000000000	0.463265306	
[1][490/1998]	1.447821	 0.865884	-0.000000000	0.000005470	0.000000000	0.462321792	
[1][491/1998]	0.638152	 0.865422	-0.000000000	0.000005458	0.000000000	0.461382114	
[1][492/1998]	1.499434	 0.866708	-0.000000000	0.000005447	0.000000000	0.460446247	
[1][493/1998]	0.478155	 0.865921	-0.000000000	0.000005436	1.000000000	0.461538462	
[1][494/1998]	0.548794	 0.865280	-0.000000000	0.000005425	0.000000000	0.460606061	
[1][495/1998]	0.856003	 0.865262	-0.000000000	0.000005414	0.000000000	0.459677419	
[1][496/1998]	1.164922	 0.865865	-0.000000000	0.000005404	1.000000000	0.460764588	
[1][497/1998]	0.889836	 0.865913	-0.000000000	0.000005393	1.000000000	0.461847390	
[1][498/1998]	1.325947	 0.866835	-0.000000000	0.000005382	0.000000000	0.460921844	
[1][499/1998]	1.253610	 0.867608	-0.000000000	0.000005371	0.000000000	0.460000000	
[1][500/1998]	0.929403	 0.867732	-0.000000000	0.000005360	1.000000000	0.461077844	
[1][501/1998]	1.386230	 0.868764	-0.000000000	0.000005350	1.000000000	0.462151394	
[1][502/1998]	0.975892	 0.868977	-0.000000000	0.000005339	1.000000000	0.463220676	
[1][503/1998]	1.237912	 0.869709	-0.000000000	0.000005328	1.000000000	0.464285714	
[1][504/1998]	0.597420	 0.869170	-0.000000000	0.000005318	1.000000000	0.465346535	
[1][505/1998]	0.889110	 0.869210	-0.000000000	0.000005307	1.000000000	0.466403162	
[1][506/1998]	1.002734	 0.869473	-0.000000000	0.000005297	0.000000000	0.465483235	
[1][507/1998]	0.939997	 0.869612	-0.000000000	0.000005287	1.000000000	0.466535433	
[1][508/1998]	1.126410	 0.870116	-0.000000000	0.000005276	0.000000000	0.465618861	
[1][509/1998]	0.886646	 0.870149	-0.000000000	0.000005266	0.000000000	0.464705882	
[1][510/1998]	0.748636	 0.869911	-0.000000000	0.000005255	0.000000000	0.463796477	
[1][511/1998]	1.135930	 0.870431	-0.000000000	0.000005245	1.000000000	0.464843750	
[1][512/1998]	1.019083	 0.870720	-0.000000000	0.000005235	0.000000000	0.463937622	
[1][513/1998]	0.976599	 0.870926	-0.000000000	0.000005225	1.000000000	0.464980545	
[1][514/1998]	0.690773	 0.870576	-0.000000000	0.000005215	0.000000000	0.464077670	
[1][515/1998]	0.884213	 0.870603	-0.000000000	0.000005205	1.000000000	0.465116279	
[1][516/1998]	1.001203	 0.870855	-0.000000000	0.000005194	1.000000000	0.466150870	
[1][517/1998]	1.483404	 0.872038	-0.000000000	0.000005184	1.000000000	0.467181467	
[1][518/1998]	0.972857	 0.872232	-0.000000000	0.000005174	0.000000000	0.466281310	
[1][519/1998]	0.484641	 0.871487	-0.000000000	0.000005165	0.000000000	0.465384615	
[1][520/1998]	0.382906	 0.870549	-0.000000000	0.000005155	0.000000000	0.464491363	
[1][521/1998]	0.598655	 0.870028	-0.000000000	0.000005145	0.000000000	0.463601533	
[1][522/1998]	0.643667	 0.869595	-0.000000000	0.000005135	0.000000000	0.462715105	
[1][523/1998]	0.735053	 0.869339	-0.000000000	0.000005125	1.000000000	0.463740458	
[1][524/1998]	0.728226	 0.869070	-0.000000000	0.000005115	1.000000000	0.464761905	
[1][525/1998]	0.770023	 0.868882	-0.000000000	0.000005106	0.000000000	0.463878327	
[1][526/1998]	1.487208	 0.870055	-0.000000000	0.000005096	1.000000000	0.464895636	
[1][527/1998]	0.487120	 0.869330	-0.000000000	0.000005086	0.000000000	0.464015152	
[1][528/1998]	1.072681	 0.869714	-0.000000000	0.000005077	0.000000000	0.463137996	
[1][529/1998]	0.489574	 0.868997	-0.000000000	0.000005067	0.000000000	0.462264151	
[1][530/1998]	1.014503	 0.869271	-0.000000000	0.000005058	1.000000000	0.463276836	
[1][531/1998]	1.262718	 0.870010	-0.000000000	0.000005048	1.000000000	0.464285714	
[1][532/1998]	1.246464	 0.870717	-0.000000000	0.000005039	0.000000000	0.463414634	
[1][533/1998]	0.663184	 0.870328	-0.000000000	0.000005029	1.000000000	0.464419476	
[1][534/1998]	0.800707	 0.870198	-0.000000000	0.000005020	1.000000000	0.465420561	
[1][535/1998]	0.853290	 0.870166	-0.000000000	0.000005010	1.000000000	0.466417910	
[1][536/1998]	0.994014	 0.870397	-0.000000000	0.000005001	1.000000000	0.467411546	
[1][537/1998]	0.626844	 0.869944	-0.000000000	0.000004992	1.000000000	0.468401487	
[1][538/1998]	1.089586	 0.870352	-0.000000000	0.000004982	0.000000000	0.467532468	
[1][539/1998]	0.559260	 0.869776	-0.000000000	0.000004973	0.000000000	0.466666667	
[1][540/1998]	1.043901	 0.870098	-0.000000000	0.000004964	0.000000000	0.465804067	
[1][541/1998]	0.826688	 0.870017	-0.000000000	0.000004955	1.000000000	0.466789668	
[1][542/1998]	0.863232	 0.870005	-0.000000000	0.000004946	1.000000000	0.467771639	
[1][543/1998]	1.377903	 0.870939	-0.000000000	0.000004937	0.000000000	0.466911765	
[1][544/1998]	0.626139	 0.870489	-0.000000000	0.000004928	1.000000000	0.467889908	
[1][545/1998]	1.183902	 0.871063	-0.000000000	0.000004919	0.000000000	0.467032967	
[1][546/1998]	0.909732	 0.871134	-0.000000000	0.000004910	1.000000000	0.468007313	
[1][547/1998]	1.305130	 0.871926	-0.000000000	0.000004901	1.000000000	0.468978102	
[1][548/1998]	1.453988	 0.872986	-0.000000000	0.000004892	1.000000000	0.469945355	
[1][549/1998]	1.329684	 0.873817	-0.000000000	0.000004883	0.000000000	0.469090909	
[1][550/1998]	1.595041	 0.875126	-0.000000000	0.000004874	0.000000000	0.468239564	
[1][551/1998]	1.026128	 0.875399	-0.000000000	0.000004865	1.000000000	0.469202899	
[1][552/1998]	0.931355	 0.875500	-0.000000000	0.000004856	0.000000000	0.468354430	
[1][553/1998]	1.257409	 0.876190	-0.000000000	0.000004848	1.000000000	0.469314079	
[1][554/1998]	0.802964	 0.876058	-0.000000000	0.000004839	0.000000000	0.468468468	
[1][555/1998]	0.510734	 0.875401	-0.000000000	0.000004830	1.000000000	0.469424460	
[1][556/1998]	1.100434	 0.875805	-0.000000000	0.000004821	1.000000000	0.470377020	
[1][557/1998]	0.494776	 0.875122	-0.000000000	0.000004813	0.000000000	0.469534050	
[1][558/1998]	0.866021	 0.875106	-0.000000000	0.000004804	1.000000000	0.470483005	
[1][559/1998]	0.492272	 0.874422	-0.000000000	0.000004796	0.000000000	0.469642857	
[1][560/1998]	0.529156	 0.873807	-0.000000000	0.000004787	0.000000000	0.468805704	
[1][561/1998]	0.524409	 0.873185	-0.000000000	0.000004779	0.000000000	0.467971530	
[1][562/1998]	1.116099	 0.873616	-0.000000000	0.000004770	0.000000000	0.467140320	
[1][563/1998]	0.627192	 0.873179	-0.000000000	0.000004762	0.000000000	0.466312057	
[1][564/1998]	0.877656	 0.873187	-0.000000000	0.000004753	0.000000000	0.465486726	
[1][565/1998]	1.161164	 0.873696	-0.000000000	0.000004745	1.000000000	0.466431095	
[1][566/1998]	1.068559	 0.874040	-0.000000000	0.000004736	1.000000000	0.467372134	
[1][567/1998]	0.772692	 0.873861	-0.000000000	0.000004728	0.000000000	0.466549296	
[1][568/1998]	1.112221	 0.874280	-0.000000000	0.000004720	0.000000000	0.465729350	
[1][569/1998]	0.955086	 0.874422	-0.000000000	0.000004711	0.000000000	0.464912281	
[1][570/1998]	0.910088	 0.874484	-0.000000000	0.000004703	1.000000000	0.465849387	
[1][571/1998]	0.518351	 0.873862	-0.000000000	0.000004695	0.000000000	0.465034965	
[1][572/1998]	0.973201	 0.874035	-0.000000000	0.000004687	0.000000000	0.464223386	
[1][573/1998]	1.405281	 0.874961	-0.000000000	0.000004679	1.000000000	0.465156794	
[1][574/1998]	1.252486	 0.875617	-0.000000000	0.000004671	0.000000000	0.464347826	
[1][575/1998]	1.023364	 0.875874	-0.000000000	0.000004662	1.000000000	0.465277778	
[1][576/1998]	0.421657	 0.875087	-0.000000000	0.000004654	1.000000000	0.466204506	
[1][577/1998]	0.884669	 0.875103	-0.000000000	0.000004646	1.000000000	0.467128028	
[1][578/1998]	1.128289	 0.875540	-0.000000000	0.000004638	1.000000000	0.468048359	
[1][579/1998]	0.847197	 0.875492	-0.000000000	0.000004630	1.000000000	0.468965517	
[1][580/1998]	0.488036	 0.874825	-0.000000000	0.000004622	0.000000000	0.468158348	
[1][581/1998]	0.793255	 0.874685	-0.000000000	0.000004614	0.000000000	0.467353952	
[1][582/1998]	0.876286	 0.874687	-0.000000000	0.000004606	1.000000000	0.468267581	
[1][583/1998]	1.053933	 0.874994	-0.000000000	0.000004599	1.000000000	0.469178082	
[1][584/1998]	0.491044	 0.874338	-0.000000000	0.000004591	0.000000000	0.468376068	
[1][585/1998]	0.615923	 0.873897	-0.000000000	0.000004583	0.000000000	0.467576792	
[1][586/1998]	0.551294	 0.873347	-0.000000000	0.000004575	0.000000000	0.466780239	
[1][587/1998]	2.163242	 0.875541	-0.000000000	0.000004567	1.000000000	0.467687075	
[1][588/1998]	1.666637	 0.876884	-0.000000000	0.000004560	1.000000000	0.468590832	
[1][589/1998]	1.501471	 0.877943	-0.000000000	0.000004552	1.000000000	0.469491525	
[1][590/1998]	0.739592	 0.877709	-0.000000000	0.000004544	0.000000000	0.468697124	
[1][591/1998]	0.867511	 0.877691	-0.000000000	0.000004536	1.000000000	0.469594595	
[1][592/1998]	1.495774	 0.878734	-0.000000000	0.000004529	0.000000000	0.468802698	
[1][593/1998]	0.508574	 0.878111	-0.000000000	0.000004521	1.000000000	0.469696970	
[1][594/1998]	1.448181	 0.879069	-0.000000000	0.000004514	0.000000000	0.468907563	
